14.3582
12.2053
11.6176
11.3534
12.2493
12.4644
26.8679
23.7496
11.8854
11.5059
12.3122
12.7886
11.9552
10.9853
11.0652
12.5667
13.9988
11.7767
12.0613
11.6551
12.2649
11.7704
12.8556
12.1373
12.4084
11.8463
11.7871
14.6044
12.1539
13.3782
12.4365
12.4937
13.1709
13.2317
13.8592
13.5459
14.0863
14.3702
13.5693
12.0737
14.7391
14.6840
12.9248
13.4350
12.8411
13.6800
13.5662
12.9029
12.8122
12.7818
13.7689
14.2423
13.4503
13.1424
12.5965
11.6946
11.2302
13.0851
13.1155
13.4626
12.3532
12.7176
13.0968
12.9241
13.2912
12.2354
11.1371
10.5550
11.1837
10.4961
10.4523
11.7606
11.2559
11.8726
11.2640
10.7832
10.9966
10.8505
10.7530
10.7411
11.2090
10.7914
10.6033
10.7476
11.4586
10.9839
11.1020
11.5426
10.9414
54.7602
11.6120
10.7953
10.8696
10.9667
11.1106
11.1597
11.0540
10.8321
12.2854
10.9967
11.4710
11.4136
10.7518
11.7860
43.9846
12.4117
11.5580
11.0853
11.1943
11.3985
11.7684
12.1146
11.1927
11.8510
10.9355
11.3283
11.0343
10.7778
10.8094
11.2164
11.4918
11.2940
10.7753
10.9204
10.8647
10.6975
10.7850
10.8465
10.9721
10.7818
11.9611
11.7137
11.4825
11.5580
11.8634
10.6487
10.8148
10.2697
10.7553
10.8733
10.7941
11.0091
10.2437
10.6577
10.5177
10.9654
10.6025
10.7328
10.2187
10.8141
11.3093
10.8662
10.5530
10.1691
10.2128
10.0939
10.0541
10.2651
9.6740
9.6643
9.9180
9.9679
10.0588
10.7704
10.1478
9.8464
10.1592
10.6384
10.8215
10.0547
9.7946
9.6743
9.5763
10.0108
9.8396
10.3734
10.6958
10.2636
9.9499
10.2270
10.0734
10.3173
10.4520
9.8050
9.9192
9.9910
9.6397
10.0815
9.5481
9.9585
9.9885
9.9022
10.2630
9.8863
9.7637
10.6888
10.1589
9.9463
10.5104
10.0896
10.0278
9.9732
10.1807
10.0502
9.6988
9.8503
16.8751
10.1507
10.3606
10.4702
10.8675
10.8083
11.1104
12.0160
10.8625
10.5065
10.6089
10.2166
10.0990
9.7612
10.2870
10.1730
10.3238
10.6481
10.2453
10.0804
10.0201
9.9481
10.3702
11.0976
21.5374
10.4328
9.8049
10.2881
10.0895
9.8097
12.8578
11.1073
9.9561
10.1380
10.0501
9.6600
10.3157
10.6053
9.8301
10.0419
9.7235
9.8576
10.7497
9.9964
10.1271
9.8542
10.0939
9.9292
10.4448
18.1532
9.9346
10.2669
10.2785
10.0911
10.4543
10.4207
10.3904
10.0098
10.7026
10.8648
11.2217
11.2570
10.8574
11.0819
10.9479
10.7898
11.1359
11.1097
11.0093
11.0293
10.9205
10.6891
11.6643
11.9011
11.0413
11.4869
10.8891
11.0908
10.8918
10.7263
11.0032
11.1908
11.0693
10.7059
10.6126
10.7968
10.6845
10.3655
10.8784
11.0753
11.1770
10.5456
10.6346
10.5937
10.5307
10.7298
10.7990
11.0221
11.1840
10.7342
10.7753
10.8267
10.4737
10.6002
10.7605
10.8644
10.7917
10.5791
10.2849
10.4239
10.5004
11.0346
10.6178
10.8334
11.0578
10.7025
10.2403
10.5951
61.3985
11.2895
10.7388
10.8477
10.3478
21.3802
11.0754
10.4005
10.5263
10.9980
11.4052
10.6883
10.8095
10.5435
10.7435
10.3930
11.0174
10.6499
11.0292
10.7971
10.5315
10.4047
10.3416
10.3443
10.7136
11.0614
10.8803
10.4938
10.8024
10.4846
10.5320
20.5505
10.7617
11.0046
10.9736
10.8974
10.5628
10.3779
10.5049
11.0130
10.8827
11.0181
11.2182
10.5183
10.5530
10.4748
10.6117
10.8690
10.7201
10.8872
10.5062
11.4510
10.9805
11.4585
10.4496
11.4921
11.0172
10.9960
10.7000
11.3385
11.0972
12.0892
12.3529
10.9282
10.8325
10.7283
10.5847
10.5817
10.4933
10.3815
10.6146
10.7466
11.3723
10.6789
10.3908
10.3757
10.3121
10.3514
10.8910
10.9251
10.9257
10.6028
20.5841
11.1451
10.9532
10.6363
10.7193
10.9276
10.7708
10.3706
10.3942
10.7055
10.3835
10.6809
10.8429
11.9534
10.7858
10.1067
9.8397
9.8198
9.7650
9.7531
10.2036
10.0773
10.0596
9.7982
9.8404
9.5287
11.7226
9.5988
10.0183
10.2007
9.9605
9.8093
9.6557
9.6909
9.6492
9.7288
9.6477
9.7837
9.8976
10.2940
9.6252
9.5221
9.8868
9.5093
9.6795
9.8849
9.8921
11.3490
9.6112
9.4854
9.7486
9.6920
10.2984
43.6942
11.4505
10.4244
10.6214
10.7277
10.7656
11.0233
11.6273
11.4598
11.2476
11.1999
11.1570
11.2897
11.3051
11.4878
10.9596
10.7208
10.8844
10.7521
10.8980
10.4975
11.0135
11.6521
10.9742
11.3548
10.6768
11.9181
11.9965
11.4473
11.4243
10.8667
10.9885
10.7133
10.7586
11.2720
10.8298
11.0656
11.7088
11.1571
10.9739
11.0561
62.0950
11.7652
11.1465
49.6566
10.7049
10.8214
10.6312
10.7516
106.2706
11.0272
10.6304
10.6248
10.7851
11.1179
11.1578
11.0500
10.7783
10.7166
10.8434
10.8309
11.5039
11.7534
11.0680
10.7364
10.5721
10.6514
10.7338
10.9111
10.8746
10.6375
10.7116
10.5566
10.7511
10.7261
10.9028
11.5147
11.1426
10.5424
9.8112
10.2807
10.1122
9.6323
9.6479
9.1998
9.2418
9.3306
9.3845
9.4768
9.7802
9.4213
10.0077
9.4545
9.6689
9.3395
9.3686
9.3893
9.3542
9.4693
9.4798
9.3960
9.3453
23.5635
9.3583
9.7619
9.4966
9.4010
9.4255
9.4489
10.0332
9.6126
9.5594
10.1364
9.5355
9.5046
9.4907
9.4344
9.4604
9.8567
10.1306
10.0259
9.8332
10.4648
10.1850
9.8275
9.8021
9.6222
10.4505
9.7030
9.7558
49.2130
10.3077
9.5553
9.9316
9.4241
9.4101
9.4097
9.3570
9.4558
9.6493
9.4198
9.3493
9.4945
9.6161
9.5970
9.6167
10.1206
10.7595
9.7157
9.7872
9.9508
9.8650
9.6939
9.9480
9.9093
10.3685
10.5309
10.2757
10.3940
10.3722
10.4230
10.5340
11.5289
10.3251
10.2012
10.3259
11.0185
10.7663
11.0568
120.6355
11.3772
83.5328
11.3210
10.4781
10.7082
10.5180
11.5697
11.4592
10.6728
10.7960
10.4659
10.7542
10.6799
10.5516
10.7605
12.9570
11.9528
10.9028
11.0758
11.0669
11.0039
10.7838
10.8282
11.4453
11.7776
10.6241
10.6352
10.2253
10.3993
10.7830
10.4571
10.2665
10.3532
10.4001
10.4194
10.5654
10.7259
10.6024
11.0925
10.2912
11.1015
10.2741
10.7438
11.5875
11.5321
10.4281
10.4816
10.5460
10.8346
10.5986
10.3432
10.2458
10.2138
10.2787
10.3164
10.3512
10.4788
10.2746
10.3393
10.2877
10.2447
10.4354
10.2605
10.5337
10.4714
10.4209
10.2675
10.3791
10.2858
10.3004
10.7085
11.0284
11.2819
11.2938
14.5654
13.5296
12.4970
14.3664
14.3349
13.9753
13.2406
12.3395
11.2309
10.9054
11.3052
10.6306
10.9152
11.3455
11.0289
10.9512
11.2891
14.0676
10.3682
10.6351
10.3227
10.7205
10.9323
10.9849
10.5537
10.3365
10.4580
10.3873
10.9191
11.0062
11.0294
10.8578
10.6022
10.5484
10.4112
10.5123
10.5460
10.7616
10.6778
10.8021
11.2329
10.5160
10.4043
10.4771
10.5093
10.9573
11.0836
10.7321
11.2894
11.2339
10.7063
14.8053
10.7220
11.3799
11.3540
10.9063
10.7094
10.3981
10.3917
10.6040
10.5938
10.9102
11.1217
10.9928
10.6437
10.8119
10.6287
10.4365
10.6199
16.8255
11.0735
10.9012
10.6999
10.4691
11.6222
10.5347
12.0560
12.3025
13.8850
14.5195
13.5353
12.4007
11.6593
11.7067
11.9654
11.2928
11.9585
11.3565
10.8550
10.8459
11.0139
11.7361
11.2055
11.3340
11.4399
11.1986
10.8024
11.6751
10.9286
11.5195
11.6015
10.4079
11.1582
10.8787
10.5653
10.9145
10.8338
11.2754
10.5437
10.4284
10.6045
10.6106
10.6299
10.7879
10.5916
27.0895
10.5007
10.3861
10.8568
10.5167
10.6365
10.8867
10.7179
10.9715
10.3410
11.1109
11.1849
10.4129
10.5646
11.1110
10.6503
10.5396
10.2888
10.2821
10.4372
10.2679
11.2855
11.4089
10.6384
10.6701
10.3077
24.4555
10.6254
10.6943
11.2117
10.8635
10.9485
10.6269
10.5206
10.7863
10.3075
10.4568
10.7162
10.8867
10.9584
10.6333
10.3033
10.4649
10.3594
11.4829
10.6506
11.0703
11.2994
11.0555
10.5622
10.6437
10.5936
10.4353
10.6127
12.5508
13.5066
13.4503
13.8336
13.2935
11.7279
11.5621
11.1619
10.9596
11.3269
11.9874
11.8065
10.6238
10.9384
10.5278
9.9699
10.5944
11.0502
10.4563
9.9478
54.0734
9.8431
10.6938
10.2089
10.7875
10.6155
9.7324
9.7193
9.7755
10.2156
9.6847
10.0621
10.4523
10.2611
10.4236
9.7736
9.5854
9.5799
10.3808
9.8201
10.7078
10.2946
10.3377
10.2832
10.2511
9.5565
110.1001
10.3139
10.1824
10.2893
9.9732
10.0860
25.7922
10.4971
10.2952
10.0514
10.0095
10.0011
10.2139
10.1142
10.3288
10.7744
10.6430
10.6237
10.7737
10.5016
10.5160
10.6984
10.7829
11.4360
11.7060
10.5154
17.4077
10.5002
10.4945
10.8052
10.8283
11.9948
10.8694
10.5876
10.5208
10.5691
10.4612
10.9062
10.9113
11.4072
12.2952
10.3765
10.3380
10.4552
10.3483
10.5838
10.6438
10.8524
10.7340
10.3949
10.2977
10.5314
42.1970
10.8844
10.9419
10.7619
10.9923
10.7284
10.6223
10.9747
11.7691
10.7414
10.7347
10.5608
10.3587
10.3502
10.3797
11.0970
27.4658
11.3260
10.8860
10.9592
12.5952
12.4274
12.6865
12.8844
12.9931
12.7459
12.4779
12.3395
10.6860
12.0147
