19.2424
17.2733
16.6591
17.4816
18.2927
17.1938
16.7529
19.8086
18.8180
18.8036
18.1553
15.8466
17.4415
15.5741
18.9207
43.7687
14.9312
19.1364
16.7764
21.8731
34.5550
20.4677
16.4801
18.8508
21.1079
20.2521
18.0252
20.7206
20.0887
17.7965
23.0813
17.5632
18.7650
16.3849
19.8160
22.6110
18.6544
20.5580
18.9820
20.2304
17.4915
17.5398
20.0293
18.8942
18.3911
22.6086
33.7632
18.8840
20.6562
26.5300
41.1219
22.9547
20.8517
19.8714
19.8227
17.9981
18.9542
18.9189
17.9743
17.1382
14.8996
45.0663
17.7002
19.3107
17.3612
66.1280
20.2873
17.1937
16.8790
21.0994
20.8539
20.8736
21.1253
19.9369
23.5108
21.4198
57.0645
19.3157
24.5297
36.8269
34.4342
22.6303
20.8002
21.6127
19.0687
18.5174
17.8604
18.3641
17.3552
16.8527
17.3845
18.0660
24.8455
16.7531
19.4515
15.7477
17.1016
15.2296
16.6629
17.9981
22.4465
20.3991
19.3088
20.4690
18.6921
19.3419
18.9631
19.7682
21.2997
19.2971
46.7747
42.8647
36.4768
21.2633
20.3250
19.5394
19.5211
20.1407
19.4668
19.7225
21.1647
17.6458
18.6224
18.0294
19.9983
44.1518
19.5108
19.7439
17.7125
17.2960
15.6458
18.7475
18.8826
17.9893
17.4337
16.0010
18.4143
19.2060
18.8507
21.2024
20.9796
18.0794
72.0185
37.1506
21.3487
20.7146
20.0482
21.3786
19.6991
22.0192
18.7799
17.8304
17.7124
18.0355
19.9318
20.1307
20.3333
18.8018
18.5212
15.8852
19.0366
17.9709
17.3135
16.1138
16.9960
17.5244
18.5111
18.6610
20.3782
18.3325
16.4224
19.7496
18.6520
32.7635
39.6611
41.3287
19.7741
20.3074
17.8936
18.6822
19.3076
18.6244
20.5598
22.1503
19.7803
21.2365
20.3638
19.5132
20.7172
20.5213
18.7516
19.6095
19.4154
20.3420
18.4036
21.8653
20.7166
17.9623
19.0461
18.2027
16.7742
19.2764
24.8926
23.5212
33.7404
19.9508
62.3134
17.7893
18.8197
18.1287
21.3125
21.8890
19.3989
18.8769
20.9685
19.5827
18.4330
20.7420
21.4235
22.3086
23.7615
24.9113
22.6491
23.5869
19.1591
21.4945
18.8986
20.8557
46.4066
22.2494
22.3500
31.8807
38.2765
38.3136
19.2392
18.7717
18.3442
17.2667
28.3623
21.8713
20.5063
20.1003
19.4325
20.8360
19.9214
18.3386
20.4545
19.6657
20.5364
20.8842
23.5581
23.5293
20.6934
18.9099
21.4944
19.8820
21.7710
22.6366
20.6195
21.9388
24.5891
20.9146
34.3385
38.0256
26.5526
25.7637
23.4079
46.4341
23.5821
21.8363
18.3340
21.0068
20.2451
18.9440
20.0096
17.4671
21.5672
21.2767
17.4235
22.0374
20.8709
19.2910
19.2316
18.5632
20.9491
23.2565
26.1288
20.8427
23.0342
19.2070
20.1613
21.4927
22.7346
23.9573
22.8634
34.9550
33.0087
35.9616
29.2201
29.3488
22.4623
24.4896
21.2029
24.7375
23.7376
22.2075
19.9040
19.6160
20.1617
26.2393
33.8150
25.4601
20.9718
22.4508
17.4655
21.1093
21.4535
16.7593
19.3631
18.6943
18.6501
17.5417
22.0447
21.5403
22.2981
42.4693
42.2919
35.4975
24.3972
22.1638
22.5773
22.4677
24.0095
21.0820
24.6365
22.7158
20.0206
20.8660
23.1660
20.4546
41.3552
25.4788
22.2697
21.1601
21.0211
20.5903
18.0096
19.8533
17.6299
21.0222
23.2531
17.5116
19.0665
17.9053
19.2925
19.1703
19.2921
28.8991
17.9855
22.7376
19.1129
20.6878
21.2521
19.4335
19.1386
21.3178
23.0523
22.2589
23.6735
23.6363
24.7839
25.4173
21.6261
32.9956
51.6940
27.1680
22.8031
22.6619
22.5957
19.1289
21.7530
17.3863
20.5169
17.6942
18.9841
17.0728
20.9132
21.5429
16.7938
18.5670
17.3463
23.8335
17.6362
19.1954
17.3673
21.3165
20.5025
20.4066
18.4797
22.2185
19.5464
19.2509
20.3121
19.9153
21.0931
20.3344
22.3152
19.8794
23.7559
62.2393
20.7187
22.3081
22.0708
21.9609
20.4127
21.8166
22.3154
19.6824
18.8958
19.6146
20.1360
19.8299
18.6576
17.9152
21.3053
19.1195
19.4000
20.7297
51.1679
19.6869
19.9367
18.9370
20.8428
22.1656
21.9349
40.7329
24.1358
287.7299
36.3600
23.7347
21.7870
17.6519
20.5052
19.1147
27.4877
20.4427
19.2844
19.2388
18.4434
18.2744
20.7337
19.6631
23.8566
24.8150
46.4527
26.7166
22.4538
20.4963
22.1867
19.2415
20.6454
22.2481
18.0391
18.8505
19.7368
18.6373
19.5450
18.0005
20.2655
19.4334
22.5652
20.5055
20.5547
21.6503
16.9039
18.9718
19.3789
31.8147
39.6303
29.7164
36.4731
23.8585
25.4056
21.7287
24.1404
22.3839
21.5438
23.0426
23.4389
19.9175
34.1629
17.7974
19.4123
17.2385
20.2776
20.9622
20.8576
19.1814
19.1779
20.0783
17.5722
20.2042
20.8730
19.8270
20.6870
19.0637
29.5473
43.7322
45.8541
22.3082
21.3335
20.3682
20.9092
18.8185
23.3135
22.2321
25.8801
24.7865
24.3474
25.6781
22.0342
25.4914
88.0107
79.6605
24.2202
41.3664
22.2326
23.0271
23.3371
19.5463
21.3324
28.0986
26.8468
36.7686
20.1441
120.7667
18.6538
19.5542
20.8845
21.6830
21.3952
19.3365
18.7225
19.3882
23.0848
20.1557
21.3366
22.4717
18.8270
20.8740
21.7250
20.8471
46.6480
20.8950
23.7788
21.4673
24.1906
22.0910
26.3361
29.1393
26.7369
22.0751
24.6153
25.0202
23.5323
20.1477
20.2945
18.1819
20.8014
18.0094
20.5960
18.7509
18.2462
19.6018
19.0687
21.5709
21.6370
18.7957
19.8774
19.1584
20.9540
23.3645
18.2258
46.1236
20.8327
20.8512
20.4837
28.5768
36.6937
28.8196
22.1949
121.1591
21.3221
122.6095
22.1490
22.3147
20.3490
22.1151
26.0564
21.5924
22.5232
20.6342
21.1494
19.4437
19.2572
19.8386
18.5210
18.2020
18.8326
21.6493
20.3501
17.5998
21.8755
21.0905
17.9732
32.2053
24.9217
25.0933
24.3724
22.0573
23.1304
22.9011
19.4063
20.3819
21.6850
19.6339
23.1093
21.0594
23.8159
23.7667
25.0488
21.0558
22.7488
21.1361
22.3936
21.4072
21.3381
22.7402
22.3176
20.2004
19.1425
20.2923
17.8556
18.2014
20.2155
22.9449
33.8074
24.4291
26.4602
25.3016
19.0009
19.7488
19.2577
19.6357
20.7030
21.4533
21.5817
20.6577
21.1888
19.3534
18.0163
44.8271
19.4677
21.3480
22.0010
24.5849
23.5492
22.0175
20.9621
22.1621
20.9341
22.1094
21.3825
23.0026
19.3897
21.2962
20.8005
33.9367
54.4641
31.0087
23.3005
20.5314
21.2453
22.1630
22.4428
21.2050
20.2191
20.5741
18.9570
21.2387
104.6023
28.9850
22.6330
22.8599
85.8107
23.1767
19.1350
47.9760
19.6643
37.7981
18.6722
21.9147
19.9590
23.8769
31.6920
44.9943
55.7994
21.7943
23.9689
25.6469
24.3663
25.2976
22.0325
21.4542
18.3926
23.2214
21.3438
18.4933
20.1780
19.6923
23.0779
20.9536
18.2933
258.4236
18.3142
19.5429
18.6778
20.2705
254.2945
184.4378
21.7258
22.8031
25.6933
22.5951
22.8185
21.8070
22.8041
22.4517
25.2126
48.4394
23.0960
25.7550
22.3724
20.0708
20.7673
20.9743
24.6649
24.6615
20.9362
27.3389
20.4519
19.5682
20.7534
21.1944
27.0040
38.9074
24.2779
21.8169
21.9063
21.3876
19.0027
23.4307
20.6225
21.0226
175.0982
22.9122
525.1783
20.7386
186.4341
22.9166
2519.3400
21.4900
490.8329
23.5516
24.0441
191.4652
25.0376
26.9816
25.2679
22.4344
429.8943
39.8249
30.1453
28.4078
25.9750
23.1366
64.3467
20.3683
20.3509
28.3428
19.5787
20.5068
17.6370
101.3224
19.7458
88.7665
18.0633
18.1776
17.8412
16.4830
19.3044
66.5683
17.8148
153.9336
19.3990
19.3014
23.3238
19.0820
24.9268
37.5491
30.8543
24.3105
22.8210
22.5236
23.2386
101.0756
19.9737
19.9861
16.8380
25.7929
20.9236
139.5372
19.4219
375.4346
18.5090
166.3853
35.6513
26.1122
46.8156
23.0928
20.4228
19.6861
468.7944
155.2209
21.4357
19.5762
18.4878
487.3820
21.5699
21.6194
20.3458
27.1793
38.5517
27.5954
58.1604
28.3039
20.8566
18.1198
21.4875
24.8689
22.4896
22.8461
23.8351
20.4994
21.8215
18.1375
21.3753
21.1705
22.8472
21.5657
20.7531
22.7714
17.5853
20.5446
17.6003
19.0261
19.3971
21.8379
20.0830
17.3840
18.9240
25.2077
27.5787
40.5340
21.0974
20.5907
29.7625
19.6039
20.4260
21.9432
22.6767
19.8921
17.3691
20.6324
19.1792
21.8876
23.6666
22.5908
22.5660
23.9200
20.9024
23.9699
67.6739
21.3981
19.8133
18.9660
19.8709
255.8127
20.9121
317.1020
25.2061
20.6330
20.2597
18.7860
18.1442
21.2652
17.7755
19.9058
23.5160
20.5288
21.3982
21.2133
20.5147
21.8436
22.0955
21.4007
24.0464
23.4265
20.4349
20.1606
22.0947
19.9958
22.0573
62.1614
31.1201
22.6454
22.7150
21.9093
23.2785
26.2043
25.4680
37.7738
23.2515
22.3419
21.3765
20.1909
52.2626
18.3026
20.7760
17.5507
18.8585
21.1914
20.1085
19.2568
17.0578
19.0600
16.4289
19.5196
17.1081
17.1303
16.8760
20.8651
17.5536
20.9430
53.1795
26.9675
18.9577
18.1203
20.7239
19.8986
22.2451
23.6444
19.9997
23.6934
19.7109
21.7180
18.5715
28.1351
45.6216
28.0519
27.4142
20.9099
20.4653
20.2040
19.8501
19.7888
18.1295
19.3832
17.6938
19.8319
19.4963
18.8065
20.1758
18.7926
20.1166
19.2837
18.5713
46.7026
18.9863
20.8018
18.6652
20.8285
17.3406
18.7222
19.5090
21.4680
18.8238
22.1001
24.4804
73.1313
