16.5488
15.9614
16.5390
15.9558
15.4812
15.8094
16.4483
16.5516
17.7550
17.1401
17.8288
47.8808
40.5611
22.8103
17.1571
19.7508
18.5039
19.0013
18.4968
16.6351
16.7719
17.0006
15.7824
15.8190
18.1228
16.5257
19.3773
18.9278
16.9170
16.4328
17.0388
16.4871
16.6976
16.7558
18.1975
19.1460
17.5041
19.8227
17.3894
17.5529
19.2878
19.2684
23.8530
30.4966
31.4508
20.4028
17.7986
15.7595
16.8483
16.3092
17.6089
17.3219
15.4998
16.8408
16.1705
16.5095
15.5436
17.5699
16.4478
17.0804
15.4465
61.7583
18.9705
20.2962
17.5524
65.4201
19.5091
15.7422
16.5125
19.1791
19.1332
19.8312
18.6415
21.7233
25.8112
38.5933
44.6425
21.7422
20.6579
23.3674
22.4534
24.2955
22.7904
20.9334
22.6710
20.2205
19.8433
20.7053
19.2972
18.1845
18.9848
20.3415
19.4563
19.6650
19.1918
19.0763
19.0767
18.0462
19.0393
20.6552
22.2456
20.5215
20.8467
22.2319
25.4352
34.1038
26.9320
24.7455
23.9045
23.9191
23.5677
22.4198
22.1162
22.4723
19.9568
17.0159
19.5301
18.9647
20.5875
18.5861
19.6427
17.1235
17.9451
18.0254
19.6887
20.7952
17.4340
16.9910
17.3221
16.7092
15.5775
18.1738
17.5992
18.8651
18.4650
30.9071
49.5560
35.2157
20.5895
18.3430
21.6724
16.9560
19.2014
21.4226
20.1727
21.9446
20.8895
22.7288
24.2139
21.4124
22.7513
54.3586
28.0438
23.4604
23.9630
22.9472
21.5045
19.6307
21.1075
19.1639
20.1287
20.9563
17.6135
18.3008
18.1439
20.8480
24.0428
44.5797
35.2633
17.6291
20.3131
20.1251
17.1829
20.6010
20.7227
20.8313
21.4174
21.9681
19.3790
19.5664
22.1003
20.2209
22.1894
49.7592
20.8703
23.2736
21.0442
20.8765
21.4979
17.7147
25.6266
23.1199
24.0333
22.1575
21.5428
22.1901
22.0916
34.9986
34.2062
17.7279
19.5315
18.4761
21.9509
20.4961
20.2286
21.5946
17.9808
19.4533
21.2031
21.6339
22.7374
21.4280
21.9037
20.4072
21.4581
29.1206
19.1761
22.8478
21.9118
21.6645
24.0175
25.0892
24.0184
24.1349
20.7745
22.4774
21.4245
19.3103
50.0881
23.7930
20.7591
24.0468
20.0496
21.1918
24.8429
25.5649
24.4597
21.1211
21.2199
20.7971
17.3878
20.8535
21.0387
20.0741
20.5238
32.1823
22.5685
21.9555
22.5795
21.9849
24.1512
26.4708
22.0003
19.9040
20.1492
21.7735
24.1713
23.8150
22.8718
20.6327
25.9935
22.4692
23.6257
21.8283
20.7270
22.0547
22.4042
20.8598
21.0920
17.2637
18.8360
17.9958
20.3073
17.9524
19.9554
19.3035
20.8779
32.8287
24.2387
20.1052
21.6118
24.3630
18.5157
20.7585
22.2109
23.3326
21.2364
22.0870
24.1774
20.5826
22.8198
51.2135
19.0220
22.6046
19.7122
22.0156
20.7627
23.4134
20.8566
20.2117
20.1102
22.8906
19.6832
28.3403
27.4019
33.8301
36.0287
18.9134
18.7170
19.3227
17.9492
18.8071
17.5203
23.0586
19.0454
19.8426
21.5149
18.8551
19.9791
18.1468
16.9733
19.9665
21.5705
40.8705
21.7485
23.2683
18.1518
20.4138
21.4426
19.6859
21.1976
22.2305
25.3908
23.4100
35.7047
63.8009
29.9919
18.5999
22.9054
76.1954
21.8436
22.7293
122.8428
20.8478
21.0853
100.1828
20.7598
18.8275
19.4137
18.3712
19.7542
18.3361
19.0957
18.0945
18.8887
17.8670
27.2330
16.5936
19.4545
21.0955
20.3563
21.9649
25.7433
42.2373
32.4064
19.2372
18.6815
20.7660
22.3686
22.3076
20.5025
24.6564
21.9147
23.3585
19.5252
18.9078
19.6323
19.4346
21.5015
20.9123
20.1321
18.8548
18.6927
20.5040
19.5705
18.7368
18.3892
18.3862
29.9206
16.3637
19.6476
16.8183
17.8026
17.2696
23.3033
25.4801
31.5922
21.5985
19.5534
23.1860
20.6903
17.9436
20.5100
18.0516
21.2818
19.9875
21.5465
18.9486
21.2259
18.4044
21.6882
21.0474
19.1539
21.0386
23.3474
21.6053
20.8459
18.5295
17.7268
17.7003
18.2781
16.5498
24.8253
15.6003
27.0324
40.0631
35.2168
20.0339
19.4579
21.2525
19.6897
21.3783
22.7112
21.3942
19.0914
21.4624
22.5463
68.9760
20.4064
24.4772
20.1888
24.1760
25.0916
21.4539
22.6636
23.5399
20.3321
24.5643
21.4096
21.3841
25.3232
29.3871
46.4377
25.4561
74.6528
21.9838
21.4926
20.4694
20.2815
20.4479
18.5047
21.9145
20.5548
20.1264
20.1839
19.2990
23.8587
20.0237
18.1906
20.3360
20.1519
20.8378
21.1288
19.8898
20.0250
17.0708
21.4192
22.3052
23.2292
22.6038
29.0673
44.4237
50.3505
23.6660
24.7598
24.6597
24.0325
25.6111
25.2440
27.0111
20.6409
23.1312
19.9734
22.1981
22.2049
21.3618
88.5779
26.3579
22.5444
73.2326
19.4392
21.6009
18.5743
20.8587
21.0068
18.2071
22.8522
23.6248
24.1016
28.3859
40.1489
128.8605
19.4940
22.7338
25.4766
24.8524
63.0770
25.6630
23.5834
24.7338
91.7867
23.4450
19.4952
19.3969
21.8656
22.7704
19.6644
72.3774
20.8398
21.4759
21.8540
18.8325
20.8230
18.6081
30.1843
25.5691
23.9032
25.4197
22.4720
21.4230
21.8092
72.7026
19.0436
21.2876
25.2430
23.2531
20.8319
20.4174
20.5719
22.2471
23.4413
20.8598
22.1657
23.6312
24.2072
23.4080
23.6161
19.8715
61.4431
19.2474
22.4174
20.5382
23.3944
23.7579
21.5496
26.6482
22.2707
37.8512
34.4490
19.6274
19.2006
19.3890
21.2245
88.7925
23.2893
20.0542
17.9030
20.0042
18.5293
19.5914
22.5579
24.4999
21.3037
19.7857
80.3575
93.3406
18.1451
246.7453
25.3031
290.8591
22.6177
49.0061
55.5310
20.7906
22.8043
21.2013
272.9723
22.2659
21.8833
21.0075
22.1657
41.3910
20.2395
53.4659
20.2768
19.8519
141.2829
36.9017
19.3870
22.5854
18.9882
18.9976
19.6394
19.1679
19.9627
20.0494
20.7611
19.0848
22.8660
21.1319
22.9277
183.9049
21.2454
113.6708
22.2481
23.0574
138.7013
23.1432
38.8225
35.0008
91.5531
19.5920
57.2700
18.6352
163.5092
20.2686
24.3349
19.5354
767.2314
26.7394
105.4096
22.3223
21.3964
20.0088
17.8284
19.8671
19.7380
21.1520
21.7284
18.5185
19.5035
16.6237
18.7121
16.8924
27.5865
21.7274
21.0034
20.1010
23.4471
20.4735
17.9306
21.8915
20.8286
21.5337
23.1791
22.3633
22.5442
26.5591
23.7811
24.8127
34.2148
43.8726
23.9835
23.8222
21.9706
21.0533
21.0874
18.2414
21.2780
21.6371
17.0615
19.5600
19.2384
23.4979
29.2039
18.1568
19.7082
17.4169
19.3811
17.2633
18.9184
18.2404
22.3719
21.1983
20.9508
23.1303
17.5403
20.6617
21.6846
26.2084
51.7347
28.0197
24.8141
22.8091
23.6861
18.8912
22.3867
18.4559
21.8367
23.4864
21.4151
22.4254
20.2586
19.5407
17.1199
22.1122
37.1808
20.5049
19.9739
18.3687
22.3552
20.5239
19.7668
21.1636
18.2616
18.2184
17.8578
18.3990
19.7707
21.2019
25.3381
49.9162
23.2822
19.7471
17.4693
20.9386
19.1894
23.2946
26.7719
22.6174
25.0457
27.6745
21.7964
25.5338
19.7749
23.7231
28.4249
23.2736
22.1296
24.5241
20.4997
21.1090
21.2117
18.3283
20.3023
17.8788
19.8605
22.2410
18.4540
17.7936
17.6625
46.8514
16.6138
18.4529
18.0331
19.3517
19.4246
19.0941
17.6072
20.2870
16.3038
18.7235
200.2408
21.7742
22.4706
25.0897
25.8469
32.1192
30.7317
24.9465
22.8854
19.2988
22.0156
21.6148
22.3547
21.1139
20.7119
19.2179
19.2366
16.5810
18.6410
17.2114
18.9682
59.2443
19.6102
18.7868
17.5900
20.0910
19.3820
18.1916
18.0004
18.4757
22.1330
23.8835
22.0331
20.5231
20.2873
20.0070
19.7030
40.0408
33.8639
26.8509
26.4674
24.7765
20.7764
21.4928
20.5172
20.4038
16.9208
20.7200
19.5961
21.1334
18.9647
29.9670
19.1589
18.9480
21.1473
19.6558
20.0926
19.3213
19.6766
21.8080
19.8401
20.2612
18.7251
20.0944
19.1354
25.2856
33.6788
23.3211
22.2300
22.0559
22.7135
22.4650
21.7180
89.9762
21.9035
21.1452
22.3942
84.9031
19.4730
21.8512
21.4214
357.7663
31.8198
106.8670
23.7591
51.5142
31.2496
40.2983
23.0704
19.8750
17.5197
20.1385
21.1815
18.7372
105.8145
20.8389
21.3896
17.6834
64.4863
19.7459
18.8855
17.0699
49.0645
17.5705
20.9297
22.1784
69.6963
21.4546
23.3437
19.8138
20.2503
21.2800
104.1709
26.0710
103.8958
21.6164
62.2867
23.9013
189.8671
22.1768
271.2145
23.1958
199.9859
20.5110
102.8002
18.8409
20.7718
18.6370
406.8778
1057.7414
23.6784
366.4148
19.3774
393.2322
20.3317
46.1594
20.9920
149.2412
21.7535
33.5630
21.6049
65.1313
26.9303
193.9553
23.1141
167.2124
20.8479
414.9207
49.9102
23.9077
24.6874
27.6208
27.2040
24.0217
27.7819
22.5281
24.7607
21.3376
813.5440
23.2416
38.5390
466.2450
23.8929
24.0600
20.7907
20.2195
22.0111
20.8775
18.6551
21.4922
19.8260
21.0613
20.8559
19.3988
20.0605
18.4824
18.8096
41.3475
29.7866
23.8744
19.8966
21.2867
23.3070
22.3106
21.7241
30.6070
26.3731
35.7269
22.4639
25.4616
23.9962
23.4816
23.0892
22.3599
21.6647
21.7322
19.5597
22.6199
19.7658
23.5187
21.2077
18.2550
21.3716
19.3787
19.7550
19.1921
19.3956
20.5507
18.6303
345.1085
28.3734
451.6812
21.2317
23.9983
622.0373
19.7698
131.6448
22.9247
104.1436
25.5987
179.8728
181.2440
24.3904
153.1327
23.7613
768.8389
24.2132
381.1007
