17.8356
16.6510
17.6348
16.5630
16.9658
15.5051
18.0396
16.8428
17.0366
15.4896
15.7485
16.4025
16.2991
16.1269
15.3803
18.5417
15.0432
16.9897
20.6832
20.5806
32.4397
18.6177
15.3943
15.3464
17.8498
15.9455
17.0490
17.1321
15.7904
14.3796
16.6922
14.1069
16.6498
15.3749
56.0238
17.6836
17.4509
18.0293
18.2421
16.9819
16.9682
16.7495
20.1135
19.8333
18.0531
20.9630
16.2811
16.7362
15.8527
19.5978
24.9550
21.4862
43.2606
16.3396
17.9737
15.7215
16.2547
15.6511
17.1935
16.8159
17.1330
16.9578
17.6178
18.6917
15.6238
43.5931
19.0637
15.7670
44.0962
15.7371
18.1138
17.4692
20.3393
18.7838
20.8106
20.0853
21.4264
22.1819
19.4127
21.7939
21.8496
21.1970
21.7136
20.8858
21.6580
15.9616
21.1171
26.5003
22.6244
32.9537
18.8302
20.6034
18.6814
16.5188
20.2832
17.1806
19.4629
18.5916
18.5343
19.8423
19.3837
44.7785
22.1710
20.9207
17.2865
18.1727
17.9903
20.1869
21.5181
21.7496
23.3887
21.1855
24.6168
18.9362
20.9253
22.4376
35.3261
25.4974
41.4630
22.2946
21.2673
20.7349
16.3195
18.8252
18.8074
19.6256
16.6531
18.2914
19.7719
17.8790
19.1535
18.1186
19.7997
18.2532
20.9284
45.6796
20.6659
22.5768
21.0976
18.0580
22.6770
17.1685
18.5164
21.7964
21.6218
20.4328
19.0222
21.6555
28.3570
27.6955
35.4164
21.7111
17.4068
21.3139
18.4203
20.8575
18.6258
21.6532
17.0407
18.2962
20.3778
19.6992
19.6738
17.2966
18.8408
21.9274
17.3537
65.3193
19.9475
20.1562
18.7338
18.5380
23.9228
22.1430
22.3163
19.9156
18.0995
30.0070
23.7400
26.1350
42.1584
20.3668
22.2478
21.5185
23.2658
23.2200
21.3555
22.6381
21.1540
23.0194
23.5858
20.0458
22.6792
21.2004
20.9703
20.3687
51.2519
28.4173
21.8072
19.1047
19.7243
19.2309
20.2138
19.3289
16.0522
19.2644
16.0401
17.9631
29.8938
34.2537
24.0713
22.1271
18.2038
20.6189
21.3042
18.5512
19.9089
18.6597
22.6169
22.0631
22.8888
24.2364
22.8090
23.1135
21.4850
20.7593
21.8795
39.3942
97.0454
23.3853
21.7794
19.6775
20.0439
16.0205
19.2211
17.6373
19.5504
17.9574
21.3301
20.0562
24.1224
35.9640
31.4180
22.8153
20.1835
19.3650
22.7301
18.2232
22.2847
22.0683
20.2092
24.3580
20.9307
19.1986
23.0248
21.1238
20.0703
21.5822
21.0578
22.5817
22.0372
21.8015
20.3296
17.8531
21.8772
20.3680
21.3491
21.3824
19.6067
20.0086
18.6520
20.5387
24.0026
43.0696
22.2861
23.3285
22.0013
17.5478
18.6736
19.3881
19.7759
18.2173
16.3983
18.8319
17.0231
20.7247
17.6441
21.9229
19.9992
19.3729
16.3672
20.1846
20.5380
21.3428
23.6161
23.1077
22.7291
25.6814
22.8223
22.5084
18.7172
24.5919
34.8068
25.8364
44.8785
24.1325
90.7605
22.8139
20.4206
18.3953
19.8524
19.4744
17.8361
22.6303
18.1038
20.5646
22.6527
18.1544
19.4588
18.5938
20.0374
18.3614
23.2252
21.2758
19.0606
22.0341
17.2412
19.6501
20.0291
18.7336
22.2141
21.9228
25.5275
29.1378
72.4333
35.0636
24.2141
21.0944
22.8329
20.8259
24.2983
22.6569
19.5251
20.6620
17.9604
20.4515
20.1989
17.4570
18.9275
16.9135
21.0622
18.6704
19.7326
20.7242
17.4711
18.4219
16.6562
19.8195
18.9309
22.6408
22.5513
20.2451
23.2284
18.6616
20.8083
26.4412
34.6969
36.6580
24.2766
23.2926
21.5670
25.7073
128.0073
20.1131
20.8853
19.2560
21.8675
26.4619
27.5947
24.7952
25.6759
21.0578
23.0199
19.2584
21.9674
19.4481
22.4688
23.0815
22.7326
24.1579
25.0754
23.3858
29.6920
23.6783
17.8837
22.7831
22.2143
21.2386
21.7706
22.2893
18.9771
17.6271
20.2222
20.0544
21.9527
22.0295
21.1879
22.6182
20.5690
21.4378
20.5699
20.3518
21.0143
21.4243
20.2065
22.3232
21.5188
17.6008
18.8574
17.7473
21.5423
18.4658
31.3530
23.7091
32.0222
50.9963
16.1232
17.3153
15.0271
18.1855
15.9248
17.3492
17.7690
20.1916
17.8967
19.0918
21.0647
17.2283
18.0483
19.8139
19.6887
18.1841
20.0432
19.2087
40.1891
19.4078
17.6251
18.4854
17.6911
18.7717
20.6719
18.9571
20.1779
20.3724
56.2832
17.6154
17.2379
18.3428
18.6629
17.0376
17.2626
42.9038
32.0482
19.5420
23.0517
24.0503
23.0112
20.1246
19.8599
23.0304
26.8380
19.8970
24.2458
23.8619
18.2990
46.6828
18.3392
17.7342
18.3844
20.0324
18.7596
19.7950
19.4534
18.7301
18.2210
18.3519
18.9722
20.0059
20.0377
18.6293
20.0864
25.7648
45.6383
42.6255
42.5853
19.7617
21.9286
19.8417
23.6330
20.1499
17.9945
18.3980
17.6167
17.5681
18.6570
18.8707
19.3851
22.3676
17.9530
45.5456
22.8255
18.2070
18.6042
20.2158
23.2514
22.3777
22.0581
22.0215
23.4458
24.9448
21.4147
22.4876
18.3622
23.0623
25.2583
36.1061
45.6928
26.9295
21.5159
20.3103
18.0959
20.5158
20.0956
20.2939
96.3430
18.6293
28.6122
17.3278
22.0200
18.7436
238.4681
26.6131
22.9404
81.0358
24.4116
24.6719
25.3324
22.8071
25.9226
35.3357
41.3329
27.8461
28.4488
239.5580
25.4273
23.0355
24.5961
21.8409
21.7592
21.0132
23.5173
24.5122
25.0818
27.5891
25.8806
23.3256
19.7340
58.0966
25.2802
24.6123
23.3576
27.7552
27.2592
28.2034
18.4205
21.6086
20.4863
18.2240
19.5294
19.7598
22.9373
190.2536
21.5803
24.4474
24.2886
20.3226
20.5587
23.6121
22.3929
23.9915
25.8017
23.4993
24.2217
26.0152
22.8383
23.9824
18.8465
32.9006
21.7327
23.4684
25.4250
26.0885
24.5265
22.1215
21.0496
21.7052
20.1939
21.8981
22.7809
48.5383
25.8871
21.8989
27.9518
19.9920
25.7460
19.7700
23.6082
19.9051
25.5355
24.1123
25.0737
22.7317
50.5936
16.4683
21.6699
19.4205
25.2683
45.0371
37.9862
23.6203
23.9158
21.8725
22.0739
18.0654
22.3514
22.6307
21.3035
69.9196
22.0211
21.8781
20.8355
19.1412
19.5302
17.3135
19.9554
20.1744
20.1308
19.3895
18.8247
20.4029
17.8410
18.2169
16.8008
18.4283
31.9377
34.6716
35.1639
20.7762
20.3537
16.9372
18.3831
19.9175
19.8401
21.1747
20.4252
21.6739
19.7769
23.1267
18.8630
35.3976
20.0501
21.3497
18.9474
21.3558
19.4424
20.7356
19.0583
16.5854
20.0076
20.4930
18.4225
16.6512
18.9502
23.8664
22.2902
25.8275
141.3275
20.7280
18.4283
17.6014
18.9944
19.5487
22.7129
38.2845
67.7796
84.9481
19.1244
37.3469
18.7090
20.8896
20.1375
21.3400
19.6703
75.7031
20.2663
19.6434
19.9616
69.9638
19.4319
50.5710
46.0895
37.5595
278.4065
105.8347
44.7155
21.8034
19.0227
17.2848
111.0755
19.7800
20.0728
16.3672
17.6542
17.3751
19.2412
17.8053
18.5187
17.3601
18.9465
19.7911
19.4145
20.2252
31.8133
23.2594
31.4372
21.6746
21.7649
21.5953
21.4117
20.7823
21.9567
22.1774
18.5579
22.1317
19.3860
22.2884
22.4511
22.5605
21.4856
71.2980
28.6348
17.9285
17.1952
19.4871
15.9540
18.1805
16.9771
20.3322
17.1054
16.8372
16.7268
18.2121
18.2092
23.0982
25.6184
24.9735
22.4491
20.9549
19.9994
20.4863
20.1127
21.1283
22.9967
20.1564
20.0673
21.5636
26.7716
22.3567
22.8956
458.9095
20.7509
124.7941
25.8280
28.9742
44.0402
34.8628
21.2569
19.4825
17.3233
19.1431
19.5633
22.3883
20.9860
19.9869
23.3615
59.5827
18.6314
21.8459
19.1831
164.4534
18.2337
219.1398
18.8312
101.3737
19.8430
21.3191
19.3095
161.2539
561.4054
19.7771
234.9739
22.3049
983.9601
113.2343
21.7753
22.5899
47.9516
20.8412
19.8576
20.7804
22.2961
23.1229
23.9398
52.4288
20.8192
23.3665
66.8646
24.2956
90.7444
20.9221
21.5947
24.1987
20.7294
22.4394
21.9661
18.3143
20.0835
21.1179
65.6014
39.0470
25.3269
174.9472
254.6665
25.8201
24.2820
23.4747
34.8572
22.1733
21.7658
30.1452
22.8144
22.8565
24.2733
20.1717
23.0099
59.8276
20.1611
21.7358
20.5726
127.3547
21.2441
19.2600
16.3484
71.2762
18.6917
19.1504
18.4301
19.2400
20.9302
18.6945
403.9195
21.2036
70.5836
19.9867
20.6872
48.7590
19.2545
254.5170
19.0225
72.2393
343.4090
17.6457
194.6272
21.1177
20.3478
18.9597
20.6887
20.1459
21.6587
20.9807
38.6161
21.7419
19.5655
20.2174
20.8700
19.9464
20.9203
18.1643
18.4896
19.1949
20.1400
19.8051
18.1036
18.8921
19.9381
21.3361
20.6198
34.3555
38.6249
22.9165
20.7248
22.6115
20.8956
22.5261
22.9913
26.9631
24.8856
24.8765
20.5580
21.5547
31.8427
26.0139
25.3634
25.4557
26.5127
26.5842
26.3453
24.8774
23.1557
20.9600
22.6886
23.6801
24.5684
25.2024
34.2836
24.6098
23.1602
20.0353
22.9727
19.2623
18.7880
17.0630
20.5643
18.8055
17.4138
19.9345
17.8012
18.8943
16.9297
21.0356
264.5062
34.3183
20.1909
20.6605
21.3798
17.7670
18.5775
19.2428
20.2696
19.0633
21.5770
23.0741
21.8512
23.3666
19.2770
21.5743
18.6245
36.5515
18.9536
21.8430
19.9560
21.8241
18.5350
18.3125
17.4019
18.9057
16.2519
17.7747
15.7318
19.3450
16.6302
17.4457
17.2898
19.6451
18.7588
19.0489
34.8594
18.5457
20.6280
18.5980
20.1616
20.2190
18.6759
19.2491
20.1962
19.7351
18.2303
20.2064
21.2602
82.8501
