17.2188
14.9381
14.4947
14.7822
13.8775
15.1090
13.9399
14.5043
15.0862
14.1648
14.4650
14.2958
14.2622
14.6316
14.8313
16.3677
13.8177
14.3775
18.4970
15.1697
14.3924
13.7929
14.0168
14.3253
48.2577
14.2919
15.3429
16.7266
14.3619
14.5213
14.6678
13.9295
15.1122
14.7307
14.9394
15.2506
14.4788
16.3403
15.4639
15.8237
14.0853
15.3671
16.1467
15.1175
14.6676
16.4730
43.3555
15.2773
14.7513
15.2692
14.7341
17.5541
17.8101
16.2178
16.4996
13.8112
13.9235
14.9114
13.8737
14.2183
14.8308
14.9594
15.8836
17.7530
16.0094
16.3472
18.8554
23.7971
14.3548
21.0470
16.1161
19.0957
18.6273
19.4599
20.1323
22.2221
17.5707
18.5714
17.4772
19.1137
18.8497
17.9432
16.7031
17.0199
15.3019
15.0144
16.6198
41.5329
15.3402
14.8926
15.1495
18.0404
16.5131
35.1844
16.4095
14.8709
14.9629
14.8644
16.9227
16.2291
18.8703
16.7530
16.5224
17.8997
15.3188
17.1212
121.4650
17.1005
17.7675
17.5464
66.8865
17.1835
20.9861
17.2627
19.3545
17.2245
25.8831
18.3816
17.6714
17.6286
17.3057
16.7464
17.1537
17.7030
16.2457
92.9501
20.2106
17.4066
16.7631
18.3425
18.5889
17.4998
17.2945
16.1129
16.5480
16.1506
16.6167
17.7633
16.7351
19.6798
79.0757
17.1299
16.1574
17.8142
97.5177
19.5752
18.7285
17.7844
34.5024
17.9866
310.8743
21.1178
649.0447
20.0241
257.0216
20.4069
549.8766
18.4764
253.7213
15.7884
17.1639
17.2170
16.3174
14.7032
14.3034
68.3702
16.7668
15.7713
16.6731
15.2339
14.7630
15.7639
15.0625
19.2029
20.5265
15.8532
17.0074
18.2079
16.1186
19.8593
18.7255
17.9511
83.5827
19.4846
438.9307
18.1688
18.7338
15.9979
17.4151
173.2320
17.5912
17.3150
18.2197
45.4734
18.1595
16.4053
15.8320
67.0626
15.5823
14.9465
15.3807
15.9454
16.4981
14.4093
14.6250
15.0761
38.7981
17.1390
16.6203
15.5751
16.9283
17.8448
16.6000
16.2537
18.2351
16.0903
17.0184
17.1408
16.6745
17.6895
18.9870
18.7039
18.6754
19.3360
18.4556
18.5009
17.3667
17.1418
18.5194
18.9187
17.7992
17.4233
18.1017
17.1284
16.7713
16.4889
15.3299
14.7141
15.7033
17.7115
17.3727
15.6338
17.8756
16.0643
15.5185
15.1767
22.9103
18.1773
18.4151
15.9808
17.2383
17.4798
15.7335
14.4576
16.4545
15.8150
17.8567
18.7076
18.7188
17.6985
18.0662
18.3350
18.4535
17.5224
19.1468
16.4839
17.5388
16.5718
17.7487
16.1711
16.1443
16.6597
17.0700
19.1829
18.5663
18.5114
18.3169
17.8137
15.7736
19.8140
17.2892
17.5058
16.0455
16.5845
16.6189
26.3846
17.6134
19.5908
19.4624
17.0866
17.7433
19.3674
18.2245
18.5891
20.3752
23.3745
20.3694
21.8003
21.2263
19.0948
17.4252
18.6240
18.6204
18.9062
26.9022
18.9049
17.7425
15.5721
17.0062
16.3301
17.5318
15.9020
17.8059
19.6285
17.5457
16.4888
19.9765
19.5217
15.6859
17.0002
16.1867
18.2791
19.2462
18.3372
18.0276
19.6210
16.1838
16.8797
17.6381
18.3621
18.7453
20.6146
20.8364
20.5187
28.4965
22.5718
21.5846
17.7251
19.3336
18.7403
20.5054
18.9945
52.2748
25.7833
18.1966
16.3865
18.2611
16.3913
16.0799
17.5074
17.9288
16.5863
17.4319
17.7534
15.7158
18.2719
17.1184
15.6686
17.9718
19.3928
19.1905
18.9353
22.4394
16.5712
17.0793
18.0827
18.3899
18.9653
20.5169
20.9051
20.1834
21.2271
19.6671
20.8540
20.2041
19.0793
19.1456
20.3246
18.4792
19.1117
51.0260
27.4504
17.6375
16.6992
18.1395
17.4470
18.8312
20.1889
16.4206
16.4885
16.5235
16.6879
16.0784
17.0811
16.0302
18.4704
20.1675
17.1963
18.6083
31.0736
17.3461
17.3315
20.2000
18.9573
20.6744
22.6400
21.1076
17.9496
19.7746
21.3040
23.9938
18.8053
19.4026
20.3257
19.9541
19.2021
21.0017
29.4107
19.0791
19.2643
18.0774
17.0099
16.1529
18.2224
18.2166
16.9265
16.3188
19.4977
18.4479
17.1730
17.1549
16.7369
18.3997
18.4884
18.8721
18.1300
19.3678
17.3211
18.6862
19.7792
18.3489
20.1854
21.5054
20.7984
18.9032
20.5457
18.0419
21.0142
17.5420
20.3114
21.6415
19.7894
21.8194
19.9893
58.3058
16.5765
18.0290
17.3138
16.4852
16.2802
16.6093
18.0600
16.6062
16.7636
18.1168
16.5904
17.0140
122.7631
17.0109
18.4468
21.3993
18.1373
19.9672
34.6025
15.7440
18.0839
18.6454
19.6101
20.7044
20.7669
18.2921
19.1796
18.4693
17.7052
17.3225
15.1032
16.0389
16.2687
18.1184
17.7091
18.3235
17.3236
16.4585
37.9204
16.3876
15.5576
16.3135
16.3896
17.4488
15.9386
14.6901
15.5339
15.5048
18.6610
17.7711
16.9483
16.0311
18.5462
16.2306
17.0809
19.1380
16.8804
40.7113
20.5083
18.8608
19.0415
22.1714
19.6857
17.4219
17.9851
16.0895
18.2161
17.2350
18.2117
16.2214
17.2163
17.4789
18.0886
17.0096
15.6298
16.7938
33.2274
16.1959
15.9607
15.3316
16.2476
14.9730
15.3931
15.7055
15.6510
16.8594
17.5753
16.1520
17.8598
19.1127
19.1834
18.7084
19.5574
16.6266
18.9105
20.5182
25.9480
19.2890
20.1285
21.6386
20.7364
22.0360
19.4841
87.2013
18.0058
18.5918
18.9408
18.9593
91.8379
19.2633
19.6868
17.9567
17.7557
18.0095
16.8085
16.3040
73.4301
20.3046
18.2110
16.3029
19.8841
18.2321
16.8607
16.4639
17.3809
19.8619
24.5217
20.3061
23.1388
20.2304
17.4001
15.6899
18.0848
18.6599
19.8622
50.8172
19.2417
20.3005
20.2626
19.1756
24.1654
20.8168
19.0500
19.3127
19.1942
18.4177
20.0712
17.5294
16.8529
16.8722
17.7985
17.0751
15.9065
15.2377
16.5578
14.9905
37.3615
19.6582
17.1752
15.6448
15.8910
17.0952
19.3192
19.6304
18.6667
23.1053
21.6529
16.6766
18.8276
20.9624
17.6110
24.7846
19.5875
20.0102
46.3509
21.5079
19.9263
22.5381
18.2177
19.5142
20.9652
22.1665
21.7186
23.5862
23.1956
22.7197
17.8008
18.7591
18.3320
19.0939
15.9866
28.4679
18.7398
21.5327
20.2071
19.1673
18.8919
18.1344
18.8632
20.8757
22.1719
21.8939
19.1637
21.1041
16.8393
16.7857
20.8792
18.1082
29.0501
24.4018
26.6379
22.5725
28.3672
21.3229
19.1225
17.0799
21.9405
21.2609
21.9616
37.2212
21.5172
18.1196
16.2002
18.0902
16.7296
31.6639
16.3893
17.0710
20.2287
16.8919
17.0447
16.5866
16.2721
15.5995
15.6778
17.8367
18.8085
20.7341
17.5277
17.2738
17.9670
16.7282
18.6700
20.2051
19.1838
18.9208
18.3588
29.1645
17.6508
20.0735
17.7864
21.7907
22.7779
20.3062
18.7108
18.1115
18.3910
19.6735
17.8222
16.6581
17.4697
16.8446
15.7103
15.2826
16.1354
19.3386
15.5419
16.7176
16.9183
15.4659
15.0400
15.6475
15.4030
16.8124
18.1229
16.9420
16.7596
17.5648
17.2407
18.5038
17.4588
18.4114
17.8362
18.4762
16.6021
16.0075
19.0431
17.9756
17.8091
18.2366
32.4346
19.3199
20.2110
18.2089
21.2998
18.5423
15.8846
16.2687
16.6211
15.9552
17.0605
16.2937
16.9680
16.0506
16.7037
17.0877
15.1902
14.5916
15.3857
16.6480
16.2506
17.6825
81.3070
17.9147
20.0365
16.5333
14.6278
17.4119
16.8294
27.1026
19.0206
191.8255
20.1077
18.8015
42.8711
38.9833
19.1334
19.7003
19.4468
18.3569
17.3988
20.7371
17.1628
14.6465
232.0505
17.4785
19.4624
15.6032
14.7254
27.5450
16.1218
15.2396
15.4675
16.3171
16.8132
16.3614
16.1290
16.8572
250.2426
18.0861
17.7296
18.2013
16.3353
15.3900
17.8482
21.7002
67.6954
27.7585
28.9735
26.7453
27.1676
21.5179
19.2270
16.3275
19.8425
18.8914
19.8108
18.3991
18.7260
17.8413
16.2228
17.3740
17.2967
15.3444
14.9210
15.2898
17.1029
16.6127
16.9441
17.2924
15.8267
18.2350
17.4451
16.2242
16.8341
17.3508
16.3415
16.8865
20.9093
17.7336
48.3668
16.8218
16.8376
17.7473
21.1200
18.4438
18.1816
33.4514
18.5530
17.7066
17.2777
19.5489
19.4945
18.4689
20.2051
18.6633
15.8350
15.7661
18.9711
27.5820
15.4511
16.6858
15.6406
16.4061
15.5357
16.6514
16.4234
15.0115
16.8748
16.2248
15.9737
16.4115
18.4952
16.2801
17.5915
18.1324
16.5572
14.9761
17.2688
16.4868
48.6228
19.2186
20.5852
19.1746
20.0852
17.5179
19.5089
17.1044
19.1240
17.3555
17.4992
18.3042
20.0681
17.8047
18.2449
19.0799
17.8275
16.1920
17.9556
31.9649
18.3218
16.3252
16.1880
18.1959
17.9150
18.4228
16.3118
16.1228
17.2699
18.9014
20.4686
20.2308
18.4958
17.5032
16.2844
17.8094
15.6231
18.8061
18.4456
51.2975
18.7532
20.3034
17.4789
19.0141
17.4579
19.0269
18.5650
19.2869
19.1523
18.4760
16.7319
17.0220
17.4118
17.0719
15.9747
15.7125
16.1559
17.6244
16.5501
17.4938
17.1163
17.1506
19.1729
17.6658
15.7418
17.6557
19.5295
20.6147
19.7389
19.3230
19.4095
19.4756
17.8755
16.4610
18.4272
18.2788
18.7173
19.3971
51.6980
17.7334
20.3746
17.1209
19.0983
17.9602
19.5592
19.2145
20.7371
17.6935
16.8856
17.6630
18.6906
16.4642
16.2207
16.4528
19.3948
19.3855
16.5613
33.2699
18.3921
16.8996
15.5985
19.1489
17.9174
19.6890
16.1622
17.5621
19.6656
19.4947
18.6127
16.7185
17.2540
17.4901
17.4790
17.2711
18.4719
