13.6212
11.0651
10.8941
11.4701
11.1000
11.1620
11.6167
11.1913
11.2859
11.4282
10.9903
12.5771
11.1609
10.8668
11.0815
10.8577
10.4493
10.9128
10.7305
11.0875
11.3798
11.9146
10.6942
10.8237
10.4329
10.5938
12.5269
11.5476
11.7593
11.3805
11.1573
11.5309
48.6463
11.1453
11.3193
11.7630
11.6423
11.1690
11.1573
11.3125
13.2322
11.3503
11.9281
11.7310
11.0485
11.1913
11.4402
11.8496
11.9181
11.8164
11.5321
13.3751
13.0900
14.2924
11.2982
12.0161
11.8428
11.6962
10.6675
11.8548
11.8489
11.7733
11.6290
11.5151
11.4437
12.2442
11.4463
12.0745
12.3396
11.6194
11.6255
11.5480
11.8978
12.0796
11.3206
11.6581
11.1706
10.9384
10.9890
11.3441
11.1624
11.6489
12.0523
12.1899
11.6177
11.8122
12.2060
11.8774
11.5216
11.3198
11.2055
11.4372
12.0212
11.6484
11.6327
11.3396
11.1363
11.2025
11.6618
10.9793
13.4652
11.0788
11.1386
11.6105
40.5130
11.8831
11.5350
11.8637
12.2198
11.5283
11.4791
11.1619
11.3373
11.1017
11.5255
12.1131
35.5612
11.2475
11.8384
12.0559
11.5721
11.4675
10.8600
11.0090
11.0100
11.5845
11.1419
11.2878
11.6996
11.4816
11.2944
11.4716
11.1441
13.1976
11.9692
11.9902
11.3439
11.5180
12.0675
12.2081
12.3369
11.9959
11.5201
11.3802
12.2362
12.1061
11.8465
11.6249
11.5068
11.0199
11.4745
11.4692
11.4670
13.6889
11.1392
11.6274
11.6903
11.1395
40.5248
10.9736
11.3216
11.5022
11.5985
11.9051
12.7261
12.3332
11.3067
11.2565
11.6829
11.2524
11.2126
11.2378
11.4680
11.8182
11.5492
11.6835
11.5048
11.0604
11.0448
24.6051
11.3944
11.2524
11.3493
11.1870
10.9291
12.2987
11.4507
11.5914
11.7716
11.9606
11.5925
12.0853
11.8123
11.7805
11.4872
11.4728
12.4507
11.3848
10.9622
11.2472
11.6461
12.2380
11.4962
12.0653
12.0000
11.5831
11.8203
11.5776
11.4819
11.2644
11.7796
11.5886
11.5728
12.2012
11.6845
11.4031
12.0622
11.7426
11.5706
11.6805
11.8795
12.8767
11.7029
11.6424
11.0941
10.9463
11.2508
11.4707
11.5907
12.0628
10.8928
10.7053
10.5792
11.0167
10.6661
10.4071
10.2330
10.9377
10.2314
9.8610
10.3603
10.9339
11.7355
9.9992
11.0143
10.6921
13.8433
13.6418
11.0884
11.3484
11.3438
10.8545
10.6207
11.0641
11.1148
13.7671
11.2429
10.7574
10.9380
10.5247
10.8790
10.4809
10.3788
10.5594
11.5379
10.1949
10.3387
10.3630
10.1797
10.3131
11.1122
11.3989
10.2905
9.9773
10.5330
10.3247
10.4048
10.5225
11.4536
10.5951
10.5096
10.4648
11.6131
10.4725
11.0039
10.0888
9.9016
10.1382
10.6345
10.5158
10.5148
10.4720
11.5035
10.3522
10.4825
10.5162
10.7181
10.2221
11.6396
12.6117
12.4076
10.6338
10.0515
10.2555
10.1957
10.7921
10.4081
10.4535
10.2412
10.5827
10.6134
10.0997
10.3781
10.3730
10.2490
10.1041
10.7513
11.5089
10.3371
10.5618
10.2626
10.8947
10.3094
11.0627
69.7942
10.6829
10.4139
10.5753
9.8778
26.7607
10.6319
10.6862
10.7868
10.2172
9.9573
9.8085
10.2518
10.4015
12.3990
11.3138
10.5270
10.5741
10.2584
11.0364
10.7194
10.2996
10.7911
10.5290
13.1744
11.6126
11.6233
10.4555
10.4559
11.1844
10.4924
11.2826
11.3479
10.3695
13.1012
13.0981
12.1844
12.7232
10.1468
9.9268
9.7711
9.8598
10.3171
10.1484
9.6562
9.8945
10.0389
10.7582
30.3715
10.9138
10.7982
10.0878
10.3242
10.6505
11.0509
11.0169
10.4782
12.3199
12.5602
12.5231
10.3110
10.4668
10.9330
10.2583
9.9420
10.4701
12.4113
11.9664
10.4598
10.4586
87.6745
10.4947
11.0429
10.7061
10.5878
10.2711
10.2034
11.1496
10.0004
10.7423
10.3931
10.4269
10.4081
10.1714
10.5783
10.8677
12.2517
11.0526
36.6725
10.2774
10.1748
12.0691
66.2572
11.7783
11.2391
10.2455
12.6244
10.3083
10.5587
10.2098
10.9563
10.7713
10.5426
10.1405
11.0153
10.6194
10.3331
10.3839
10.3111
10.7266
10.3622
10.0058
10.4576
10.8580
85.3965
10.2508
10.3890
10.0878
10.1579
10.0268
11.1664
10.3509
10.2006
10.4393
10.5710
9.9747
9.9343
10.0585
10.1960
10.2697
22.7823
10.8171
10.5546
10.6436
10.2056
11.1383
10.5111
59.7142
11.2291
10.9763
10.8426
11.0690
11.2493
11.3977
11.0841
11.3784
12.0389
11.1410
11.5593
11.0086
11.3845
11.8841
28.9519
32.1237
11.0747
11.2485
12.1452
11.2623
11.7598
11.1595
11.4648
11.9634
10.9594
11.0102
11.3873
11.5719
10.7276
10.5888
10.4292
10.4157
10.6759
10.8266
13.5094
10.9868
11.0139
11.0564
12.5465
11.4436
11.4102
11.8487
11.0852
10.8130
11.9209
11.8243
12.6989
12.4677
11.8139
11.0995
11.1268
11.0057
11.1175
11.1314
11.6430
11.6738
11.3391
11.1929
10.8197
11.5208
11.2155
11.6282
11.8546
11.2234
12.2478
11.0268
31.2926
11.9200
11.4724
11.2887
10.9224
10.7347
10.9835
11.0766
11.6978
11.5331
11.4895
11.7454
10.8874
11.3694
11.1591
11.7142
11.6574
11.6525
11.2212
10.8767
11.8499
10.8936
32.1829
11.5332
11.6402
11.8235
11.8067
11.9159
12.7269
12.6815
13.5927
13.5777
13.3967
12.3019
12.2654
12.4060
12.9907
13.2149
13.5603
13.0717
12.7346
12.0571
11.9608
12.1023
12.2795
12.3113
12.9268
12.5902
12.1881
11.9680
11.9772
12.2812
11.8803
11.8635
11.7136
12.2558
13.9555
16.0039
14.8893
11.7488
11.9638
11.3689
11.6111
13.3842
13.4314
12.6640
12.9059
12.5026
12.9960
13.5202
13.7558
11.4030
11.0587
11.1004
11.0303
11.1846
11.7651
11.3289
10.6618
10.5531
18.7043
11.1280
11.4901
11.3531
11.3251
12.0786
11.2127
11.9946
10.8814
11.4412
11.1395
11.5027
10.8541
10.9041
11.5472
10.6970
12.0136
11.0841
11.0254
12.7748
10.6565
12.3796
72.9769
15.0752
11.6230
11.9746
12.2764
11.8827
13.5249
13.0214
12.4443
13.7499
13.1053
12.8990
11.5674
12.4180
14.2168
13.8573
12.2237
11.2792
11.7114
12.4879
12.2695
12.7064
12.5862
11.7167
12.1366
11.1231
12.9300
12.1924
11.8450
11.8003
11.0940
11.1555
11.3284
12.8180
11.3128
11.8872
10.8155
10.9451
12.6121
14.4476
11.1800
11.2996
11.3604
11.0841
11.2498
11.5715
13.3579
11.4029
12.9948
11.4321
11.0493
11.4379
12.3728
13.3989
13.6712
12.8024
11.5216
13.5152
12.7621
12.6819
12.9019
12.5466
13.3312
12.7443
12.4371
11.8750
13.0815
11.4840
11.2460
11.2047
13.1372
10.3964
10.8520
13.1799
12.0609
11.8602
10.9911
11.7062
10.9821
45.8731
12.4295
13.1299
12.5973
11.5121
12.9013
11.1749
10.6889
11.3300
12.3193
12.2232
11.2961
10.2308
10.4602
11.4309
10.7456
10.7994
11.1158
11.1396
11.8575
13.5573
11.5473
12.9337
13.1656
12.3820
12.1793
10.2253
9.9510
10.0773
10.1565
10.6983
10.3793
10.0704
9.9527
10.6277
10.1319
9.8174
10.0223
10.3381
10.7904
10.7331
9.9820
16.2022
11.4797
12.4663
11.7547
13.0254
12.6289
12.0876
12.2881
12.6059
12.8323
12.9840
12.3419
15.1084
12.1891
12.5862
12.9417
12.7281
12.5373
12.4964
17.1130
13.2064
13.3962
13.1100
14.0659
12.7738
12.6535
12.8648
13.2175
12.9327
13.2679
12.7896
12.6316
13.6969
12.0005
11.4257
12.6292
12.8193
12.6501
13.2396
12.9788
13.1107
12.7697
12.8633
11.5529
11.2289
11.7193
11.2089
11.4629
12.1672
11.7572
10.9884
11.7461
11.6302
11.0656
11.2020
11.7358
11.7103
11.7318
11.8200
11.8763
11.6293
11.9511
11.2174
11.6379
11.6787
11.9580
11.6228
11.9073
11.7995
11.4111
11.8015
10.7063
11.1487
11.0899
11.3888
12.0271
11.5948
11.4168
11.2131
11.5646
15.8278
11.5190
11.5063
11.4105
10.9699
11.6832
11.8729
11.4839
11.0443
10.9945
12.0390
10.7851
11.4966
11.7540
11.5666
11.5671
11.3511
11.6238
11.0938
11.1953
11.2001
11.1771
24.6291
11.7301
12.6229
11.3525
12.0855
11.9539
11.5393
12.0555
12.1847
11.6497
11.4606
12.0640
11.6549
12.0042
11.0605
11.9819
11.7007
12.3897
11.9450
11.6753
11.8700
15.0395
10.7676
11.0762
11.1664
11.9735
11.3255
10.7964
10.8978
12.6036
12.2245
11.4693
12.0405
11.6413
12.3200
11.2805
11.4219
11.2550
11.2564
12.0230
11.4369
11.7498
11.7957
11.4889
11.1475
12.1849
12.3461
12.3711
11.8539
11.1415
11.0160
12.4797
13.0780
13.4620
11.7129
11.1298
11.6858
11.7156
12.4113
12.7042
12.6899
11.6593
11.1039
13.8811
11.8303
12.9125
11.8538
11.7842
11.3869
11.0705
11.1123
12.0613
11.7996
11.9602
11.5863
11.4964
10.9350
11.0482
11.6538
11.5488
11.8192
11.5221
11.8952
11.6045
19.3645
12.5864
11.2871
11.2503
11.5771
11.1841
12.0669
12.6848
11.9460
12.2565
11.7395
11.1707
11.8653
11.7177
11.9217
12.3057
11.5897
11.9433
11.1630
11.0977
11.5147
20.9847
11.3434
10.9190
10.8915
10.5092
10.3557
10.3652
11.1012
12.0833
12.4065
11.1161
10.2468
10.3857
10.4893
11.2011
11.0264
11.0480
10.6033
10.6450
10.8380
10.6691
21.2380
11.7723
12.5830
11.6199
10.7363
10.8546
11.2066
10.9343
10.8634
11.3937
11.1661
10.6576
10.8578
10.7647
10.5846
10.7618
11.1666
10.7028
10.9898
11.1055
10.7306
