120565478
14359194
13943879
14304630
14805408
14033809
14420447
14600316
13003826
13852112
15184251
14086381
13969328
14140573
16084499
14499639
13597793
13310518
14576151
13968332
15231493
25047455
14692718
14594364
13443915
12236492
12620407
13252319
12066512
12771929
12085043
13929982
12277474
12279194
13697544
12985959
12556071
12461801
11922741
12273422
13859871
12649605
12140416
12990740
12969186
13045178
13292770
12955119
12393512
12698776
13060701
11878662
13243676
12787669
12022856
11718533
11995500
12085940
11293749
11904154
12614988
15732660
12055296
12258326
12599094
12585280
12674700
12054826
11811022
12481253
13962568
11596034
12448219
12926486
12486042
11450005
12740339
13238228
12878558
13114531
12952648
11590011
12788802
13615985
12770875
11858148
13594875
12463869
12313836
12643792
12538373
11909824
15859151
13056750
12430729
13766264
13132392
13415706
13178695
12603666
14088920
12992230
12802177
12682251
13395628
12853586
12773131
11610069
13879510
12670239
11104096
13508883
12651501
12871500
12550814
12927671
14703143
12464472
12294053
12048123
11781819
12089355
12436053
12062774
11581523
12936512
12765648
12022521
13500263
13037390
12464628
12667976
13646670
12540771
11567276
12858252
12926023
12420307
12354319
12633879
12992207
13596649
12410020
12593188
11493680
12263959
12662171
12971231
13900069
12517276
13147999
12902241
12946338
11548644
11668318
11364413
11251389
11036690
11839891
11485079
11502394
11644208
12390242
12069789
12246080
13326933
11781194
11538181
11431792
11434402
11762160
11896835
18045224
11713878
11477747
10856400
12291991
10624058
10855911
11126721
10767684
10742384
10816037
10510749
10949040
11055994
11903292
11353447
12377855
11101140
11014220
14229405
11072134
11371381
10819419
13902389
13252594
12671287
13616812
13524875
13356140
12892881
13318431
12865981
12457419
12980043
13390271
12450247
12317285
12292907
12580313
15408452
12307102
14678441
12485075
12483053
12984288
11421129
12318675
12566365
11976993
13930174
12709180
12432603
16200527
12501353
11861863
11778796
12273328
12271615
11507128
12036136
11923364
12857302
12630782
12210312
12018606
11366557
13653082
12480816
15695155
12448481
11160536
11123624
10583431
11371550
11076885
11090048
10703213
12167972
11859047
11250437
10670203
11228066
11010539
11011255
13207436
13089129
11694704
12630191
12649594
12205775
12250833
12668137
12426239
11185413
12243823
12592171
12466996
12590288
12902315
11708308
11575352
12579777
12278118
12184949
12120656
12449566
12017307
12923219
12236534
11548077
10586406
11514625
12889529
11646185
11488366
11602562
11548783
11588277
12484662
11822383
13791972
11187451
11517892
12916997
11798417
11541772
11718941
11436684
14976669
11042322
11010007
11182767
10783139
10795955
11284960
10955997
10641505
11359919
11614359
11726975
11183142
11020978
10953553
10847501
11916932
11463839
11775609
12059355
11962164
11015120
12113420
11700638
11525165
11747490
11636643
11395666
11810062
11909508
12351339
11261606
11649345
11488478
11353618
11925656
12479835
11162096
11646203
11730092
11395203
11639870
11545402
11651440
11304084
11422789
11396706
11378003
14219717
11914248
12014767
18511539
12644888
13026972
10606234
12387040
12407036
12455760
11639700
16515763
12158485
12182575
11786098
13268290
11741463
11103919
10556929
15960178
11357156
11418043
18653678
11961643
11896316
11693351
12322147
11897724
11661055
11412266
10605880
11176656
11268958
12573284
16587724
13924371
13947613
13208293
12144448
13347163
12716464
12621686
13209258
13817507
14976054
13725290
13135212
14098049
11626509
16817097
13338753
12802963
12731126
13492435
13410236
12628282
15538084
13332948
15222932
12505817
13738421
13997109
12147538
12580123
13637339
13336020
13132111
20926188
14306353
14006783
13724509
15845347
14232062
13445844
12602376
13575912
13935014
13655034
13947426
14101757
13541284
12732416
13590022
13078402
11741328
22237161
11548485
12312836
12850908
12744567
12667853
12472189
10899843
12144620
12148811
15310514
11060367
14728006
13870354
13418895
12993065
14519937
13248838
16477011
14425869
13963012
12773381
14420171
14306712
14292516
12586364
16736032
14776467
17160795
13311056
13463846
13750352
14123132
14306662
13960489
14298620
14815860
13796779
13634016
14487051
14404300
13219557
13670551
13911623
13653184
11765517
15266757
14092052
13381844
13423808
14579727
14665605
12039698
13523632
15135244
20330514
11639767
13320219
12701661
12118756
12591275
13905623
13256552
13067921
11952048
11833197
11725380
14217139
14324633
13409413
13708989
15870162
14314612
14487123
13535605
12209802
13775617
13868572
12281067
12400204
13949479
13670213
13295099
14539018
14330607
13210996
14234653
14522931
13532967
14571899
15267315
14367743
14989586
14502473
13986752
13171852
14199229
13876196
18057265
14382611
14433607
13885412
11971800
22003463
17980925
14193844
14784982
14522887
20200129
14432687
14562981
13904863
19042858
13908470
12944180
25603456
14506248
23070787
13448092
12826228
13365761
11885483
13152717
12960027
12619667
11831435
13125284
13272338
12307084
11535112
12358037
13928120
13250383
13321540
13315463
13746867
13566683
13328211
13649471
13079140
11207223
14274499
13573891
13423713
13568819
14280491
13379963
12036483
13621373
13949280
13556313
20460511
15786385
13682155
12259323
14359115
14311450
12639547
15842217
14531088
13529071
12871922
13566725
13969021
15012773
13738605
14672142
12851659
13786198
13841097
14202507
13811625
15423698
14103534
13447528
15805797
14532281
13687222
12410828
19538651
13522870
14471055
12245027
12801629
12989561
13905861
12300787
13309248
13431416
16003253
15085158
14719632
13776556
20581020
14561620
18687088
14674807
14310393
23489529
14629535
16451261
16178441
13585618
13695876
17906067
13824413
14666489
16513123
13791622
14124570
15847221
12018936
14256526
14300252
12729980
18637182
15680151
13547210
17610350
15004959
13622319
14766210
15261602
14195241
13525060
14649016
19968249
13101366
14723348
14696280
13262597
14254383
14636113
12831916
14219721
14590089
14541200
17237912
12693266
13337092
16772377
13218393
14172897
14642025
13124564
12873692
12682944
12109814
13628838
14468981
12906345
14166300
15035012
17844898
14804021
15165597
13760701
13167518
15059047
14118100
12744139
14650021
14446158
12122095
15178838
14283487
12297614
15032875
13702147
12333835
15987674
14595419
13093761
17851921
14369260
12954555
15650395
25724642
17720134
13449743
11849976
14320072
13901815
12375040
13013395
13759285
13712846
16938142
14362166
12902101
14043034
13826533
12201426
13867975
13912803
13284135
16214626
13229110
12100754
14208412
12794027
12889943
12255215
12795721
12302232
12070631
13698923
12849768
11353346
12198446
10686273
10629765
11010140
13102526
14165354
13025271
13059286
13650167
12306730
12326626
12262997
12743223
10555379
12444006
13047233
12161305
11667311
12841070
11466488
11802831
11816054
11864210
11350276
10560160
11197145
11169736
10710145
10984930
12882699
11650620
12079772
10624813
11829376
12324574
11828908
12682027
12509331
12781304
11686355
12300237
11769183
11165355
12982343
11027762
10992061
10585535
12246354
11754339
11397434
11886724
12819910
12368803
9812725
13750508
12879138
12222186
11923417
12265583
11981820
11305198
12444369
12055430
11316565
10943144
11469887
12373358
11795424
11250885
11921382
12455794
11362387
11690406
12445260
14013272
12033237
11366573
12065207
10825750
14056753
12417264
12257070
9852737
11724113
11938544
11646796
11367688
11789130
12104480
11755902
11937831
12649569
12469989
11881348
11857936
11886196
12017448
11404576
12542458
12024220
15554617
12432534
12386521
12071949
11183467
12866757
13316129
12826283
12188187
14273419
13344594
13058336
13491402
13560841
10985847
15823103
13343679
12682646
14163909
13105188
12781615
12736384
13818289
13019100
11845500
13068634
14374218
12288926
16115380
13540320
11814491
16402639
13469560
11965740
16359793
13055311
13437970
11303756
13592029
13724635
12851411
17733514
13489939
12372314
12945869
13281187
13162772
12116497
13743000
12683346
10920667
13812503
13330738
12338975
12841573
13374945
12775066
13355921
13011234
13241462
12789599
13395218
13150211
11761114
12906596
15735471
10779732
13290681
13271084
12482993
13594490
13099594
12324153
13970257
14259353
13888253
12386869
12558956
12340896
11077294
12723637
14495792
12351670
12065764
11656102
11874907
11232859
16076848
12192384
11944576
14697946
12231114
12636563
10839316
12661874
12109676
12214476
13289124
12171292
12675617
12596105
12656906
12187895
12634734
11047064
12423803
11808587
11482626
13404489
11996172
12217690
13048878
13488802
11738996
11094376
12077489
13218394
12399445
12840622
12099036
11549641
11625294
11767872
12603162
11879170
12004514
11967116
13350796
10762962
11952422
12170200
12632044
11690792
12665592
11680113
11153083
11999063
12354875
12154091
16611816
12691036
11706950
14335955
13118953
12204787
11269312
11809988
12618926
12141033
10067157
12262455
12112192
11560740
12199877
14072718
13638149
11299171
11625537
