0.0953
0.0005
0.0399
0.0400
0.0397
0.0399
0.0399
0.0400
0.0397
0.0399
0.0400
0.0399
0.0399
0.0398
0.0399
0.0399
0.0399
0.0399
0.0400
0.0397
0.0399
0.0397
0.0400
0.0398
0.0399
0.0398
0.0399
0.0398
0.0399
0.0399
0.0398
0.0400
0.0400
0.0397
0.0400
0.0399
0.0399
0.0398
0.0399
0.0399
0.0399
0.0399
0.0398
0.0400
0.0397
0.0401
0.0398
0.0399
0.0400
0.0398
0.0399
0.0398
0.0399
0.0400
0.0399
0.0398
0.0399
0.0756
0.0401
0.0399
0.0399
0.0399
0.0401
0.0398
0.0397
0.0400
0.0399
0.0399
0.0399
0.0398
0.0399
0.0398
0.0398
0.0399
0.0399
0.0399
0.0399
0.0399
0.0398
0.0399
0.2768
0.0004
0.0396
0.0398
0.0398
0.0399
0.0399
0.0399
0.0400
0.0399
0.0398
0.0399
0.0400
0.0398
0.0400
0.0400
0.0398
0.0399
0.0399
0.0399
