2782.07
2610.33
2605.08
2597.81
2652.37
2640.70
2691.24
2614.31
2585.52
2648.79
2692.79
2647.30
2706.27
2585.98
2634.60
2601.43
2636.67
2616.13
2626.93
2597.73
2574.57
2578.74
2589.62
2535.06
2541.93
2535.27
2626.38
2634.10
2603.09
2587.49
2572.19
2642.50
2717.09
2684.98
2628.99
2655.11
2630.13
2679.10
2724.70
2740.94
2605.70
2587.60
2669.24
2711.94
2638.98
2614.13
2624.16
2669.96
2614.81
2564.07
2627.45
2583.65
2638.73
2690.12
2542.93
2634.28
2586.48
2608.25
2560.95
2559.22
2692.89
2632.04
2534.68
2630.68
2592.26
2583.84
2602.28
2602.65
2593.07
2631.24
2754.91
2605.46
2613.47
2581.99
2656.80
2751.91
2642.70
3105.22
3816.61
5312.17
3276.47
3008.84
2605.70
2587.60
2669.24
2711.94
2638.98
2614.13
2624.16
2669.96
2614.81
2564.07
2605.70
2587.60
2669.24
2711.94
2638.98
2614.13
2624.16
2564.07
