2.5875
2.4496
2.5735
2.5435
2.5330
2.5289
2.5234
2.5086
2.5228
2.5354
2.5197
2.4891
2.5083
2.5322
2.5555
2.5358
2.5194
2.5896
2.5125
2.5202
2.4777
2.5932
2.3788
2.4197
2.5345
2.5777
2.5237
2.5207
2.5104
2.4592
2.5225
2.5213
2.5227
2.5312
2.5256
2.5444
2.5090
2.5199
2.4665
2.4326
2.3579
2.4214
2.5977
2.5328
2.5152
2.4460
2.3122
2.5351
2.5473
2.5921
2.5242
2.4550
2.3639
2.3847
2.5720
2.5451
2.5214
2.5040
2.4013
2.3796
2.3961
2.5416
2.5536
2.5332
2.4164
2.5307
2.5252
2.5194
2.4434
2.4532
2.3515
2.3755
2.5607
2.5327
2.5307
2.5747
2.5357
2.5315
2.5496
2.5273
2.5152
2.5300
2.5340
2.4637
2.3907
2.5826
2.5580
2.5904
2.5566
2.5918
2.5352
2.5195
2.5145
2.5221
2.4763
2.4604
2.5116
2.5193
2.5223
2.5182
