3346.9453
3326.9694
3310.1564
3245.8864
3348.7781
3256.1887
3291.4167
3735.8949
3668.0636
3755.6910
3333.4496
3301.1218
3229.7156
5227.5566
4470.6041
3553.0460
3513.8665
3535.5899
3149.5560
3218.8248
3161.4035
3153.4664
3207.8342
3234.7537
3248.9131
3206.0889
3178.6825
3178.6595
3147.1875
3181.5770
3320.6649
3472.3553
3486.4448
3455.8199
3355.9460
3160.4261
3176.7096
3978.5367
3441.1873
3381.8631
3191.8825
3471.2423
3328.1432
3199.4149
3189.0265
4608.8734
3241.7655
3296.3818
3270.3711
3430.0611
5135.8938
3242.2133
3184.4118
3273.0545
3269.1841
3468.4874
3209.7337
3145.1789
3166.3909
3359.9428
3668.0636
3668.0636
3668.0636
3668.0636
3755.6910
3333.4496
3301.1218
3229.7156
5227.5566
4470.6041
3553.0460
3513.8665
3535.5899
3149.5560
3755.6910
3333.4496
3301.1218
3229.7156
5227.5566
4470.6041
3553.0460
3513.8665
3535.5899
3149.5560
3755.6910
3333.4496
3301.1218
3229.7156
5227.5566
4470.6041
3553.0460
3513.8665
3535.5899
3149.5560
3755.6910
3333.4496
3301.1218
3229.7156
5227.5566
4470.6041
