0.0271
0.0405
0.0409
0.0410
0.0408
0.0409
0.0409
0.0409
0.0407
0.0409
0.0408
0.0400
0.0397
0.0401
0.0399
0.0397
0.0399
0.0398
0.0400
0.0398
0.0398
0.0400
0.0399
0.0398
0.0399
0.0399
0.0398
0.0399
0.0400
0.0398
0.0398
0.0400
0.0399
0.0398
0.0398
0.0401
0.0397
0.0410
0.0398
0.0400
0.0397
0.0400
0.0399
0.0397
0.0399
0.0399
0.0399
0.0400
0.0400
0.0398
0.0398
0.0401
0.0399
0.0399
0.0398
0.0399
0.0398
0.0400
0.0399
0.0398
0.0399
0.0399
0.0399
0.0398
0.0399
0.0399
0.0398
0.0399
0.0399
0.0398
0.0399
0.0399
0.0398
0.0399
0.0399
0.0398
0.0398
0.0399
0.0400
0.0398
0.0400
0.0398
0.0399
0.0399
0.0399
0.0400
0.0397
0.0399
0.0398
0.0400
0.0399
0.0400
0.0398
0.0399
0.0399
0.0398
0.0400
0.0399
0.0399
0.0399
