1294.65
15.73
15.20
15.62
15.37
15.50
15.30
15.44
15.37
15.45
15.47
15.41
15.43
15.45
15.32
15.37
15.35
15.34
15.37
15.39
15.27
15.38
15.50
15.31
15.35
15.16
15.36
15.53
15.61
15.21
15.24
15.27
15.34
15.25
15.33
15.29
15.62
15.58
15.49
15.07
15.25
15.50
15.38
15.28
15.29
15.32
15.46
15.32
15.23
15.46
15.26
15.49
15.54
15.32
15.46
15.20
15.47
15.45
15.24
15.34
15.45
15.53
15.38
15.45
15.54
15.43
15.30
15.43
15.39
15.42
15.38
15.35
15.62
15.33
15.34
15.26
15.55
15.29
15.28
15.43
15.38
15.12
15.28
15.51
15.44
15.26
15.37
15.21
15.22
15.46
15.55
15.58
15.42
15.36
15.45
15.14
15.43
15.44
15.47
15.23
