2.5159
2.4800
2.6005
2.5315
2.5641
2.5563
2.5851
2.6528
2.6428
2.5727
2.5487
2.5716
2.5051
2.6045
2.6145
2.5678
2.5577
2.5612
2.5561
2.5470
2.5523
2.5700
2.5563
2.5623
2.3946
2.3958
2.3674
2.5198
2.5568
2.5693
2.4057
2.4643
2.5626
2.5245
2.3863
2.4137
2.5543
2.5492
2.5973
2.5574
2.5503
2.5125
2.5470
2.5296
2.5947
2.5651
2.5548
2.5199
2.5427
2.4995
2.4592
2.5770
2.5735
2.5638
2.6095
2.5620
2.5587
2.5534
2.5660
2.5645
2.5618
2.5637
2.5610
2.5619
2.5667
2.5604
2.5566
2.5636
2.5838
2.5570
2.5917
2.6260
2.6079
2.5582
2.5553
2.6192
2.5911
2.5968
2.5952
2.6257
2.5792
2.5675
2.5575
2.5634
2.5643
2.5708
2.5613
2.5646
2.5617
2.5510
2.5588
2.5525
2.6162
2.5830
2.5687
2.5577
2.6009
2.6388
2.6462
2.5592
