0.4988
0.4984
0.4985
0.4984
0.4998
0.4984
0.4989
0.5001
0.4977
0.4989
0.4986
0.5002
0.4974
0.4988
0.4998
0.4978
0.4989
0.4989
0.4998
0.4979
0.4982
0.4996
0.4988
0.4987
0.4994
0.4986
0.4978
0.4997
0.4975
0.5002
0.4997
0.4977
0.4989
0.4978
0.4996
0.4995
0.4983
0.4982
0.4998
0.4982
0.4987
0.4992
0.4984
0.4999
0.4973
0.4996
0.4979
0.4987
0.5003
0.4984
0.4980
0.5959
0.5027
0.4984
0.4981
0.4983
0.4991
0.4989
0.4985
0.4996
0.4989
0.4979
0.4992
0.4996
0.4980
0.5012
0.4960
0.5010
0.4975
0.4980
0.4990
0.4999
0.4980
0.5001
0.4981
0.4984
0.4981
0.4981
0.4997
0.4984
0.4994
0.4976
0.5000
0.4986
0.4984
0.4989
0.4983
0.4998
0.4987
0.4979
0.4994
0.4988
0.4980
0.5000
0.4973
0.4991
0.4997
0.4985
0.4990
0.4996
