0.0398
0.0399
0.0400
0.0399
0.0399
0.0400
0.0401
0.0398
0.0400
0.0399
0.0399
0.0399
0.0401
0.0399
0.0400
0.0399
0.0400
0.0399
0.0400
0.0400
0.0400
0.0399
0.0400
0.0400
0.0399
0.0399
0.0400
0.0400
0.0400
0.0399
0.0399
0.0400
0.0399
0.0400
0.0399
0.0400
0.0401
0.0403
0.0395
0.0400
0.0402
0.0402
0.0394
0.0401
0.0399
0.0399
0.0399
0.0401
0.0398
0.0397
0.0399
0.0400
0.0397
0.0399
0.0398
0.0399
0.0399
0.0400
0.0399
0.0399
0.0400
0.0400
0.0399
0.0400
0.0398
0.0401
0.0400
0.0400
0.0399
0.0399
0.0400
0.0399
0.0398
0.0399
0.0400
0.0400
0.0399
0.0400
0.0399
0.0399
0.0400
0.0401
0.0399
0.0399
0.0400
0.0400
0.0400
0.0400
0.0399
0.0400
0.0398
0.0401
0.0398
0.0400
0.0399
0.0399
0.0399
0.0400
0.1203
0.0003
