0.0398
0.0399
0.0399
0.0398
0.0399
0.0398
0.0400
0.0399
0.0399
0.0399
0.0398
0.0399
0.0398
0.0400
0.0398
0.0399
0.0399
0.0399
0.0399
0.0399
0.0398
0.0399
0.0399
0.0399
0.0399
0.0399
0.0399
0.0398
0.0399
0.0399
0.0400
0.0398
0.0398
0.0400
0.0399
0.0398
0.0399
0.0399
0.0398
0.0399
0.0400
0.0398
0.0399
0.0398
0.0400
0.0399
0.0398
0.0399
0.0400
0.0398
0.0399
0.0401
0.0397
0.0399
0.0398
0.0399
0.0398
0.0400
0.0399
0.0398
0.0399
0.0401
0.0397
0.0400
0.0398
0.0399
0.0399
0.0400
0.0397
0.0399
0.0398
0.0399
0.0399
0.0399
0.0399
0.0402
0.0396
0.0399
0.0399
0.0399
0.0398
0.0399
0.0400
0.0398
0.0399
0.0399
0.0398
0.0399
0.0399
0.0398
0.0400
0.0399
0.0398
0.0399
0.0400
0.0398
0.0398
0.0399
0.0400
0.0399
