4647.2004
4506.1654
2171.0515
16.3934
16.3621
16.6696
15.9459
16.6101
16.0211
16.0765
15.8723
16.1639
16.1131
16.0270
15.2032
15.2126
15.2247
14.9991
15.1631
15.0427
14.9831
15.3599
14.8654
15.0806
14.9827
15.2345
15.0907
15.1825
15.2370
15.1432
15.2798
15.3794
15.3850
15.3931
15.4231
15.1954
15.2213
15.3060
15.1894
15.2958
15.3754
15.0549
15.9163
15.2333
15.3913
15.2267
15.1749
15.2149
14.9695
14.9795
15.6427
15.4941
15.4054
14.9809
15.6656
15.2650
15.3492
15.4093
15.5095
15.0194
15.2199
15.1839
15.3746
15.4162
15.4144
15.1333
15.5812
15.2670
15.5611
14.9831
15.0447
14.9691
15.5559
20.2558
15.2369
15.3528
15.3455
15.0800
14.9962
15.1132
15.4423
14.9946
15.4071
15.2342
15.1979
15.1602
15.0233
14.9750
14.8375
15.1248
15.0834
15.1103
15.4245
15.0315
15.4631
15.2800
14.9516
15.0571
15.6222
15.3174
