0.0800
0.0524
0.0529
0.0532
0.0525
0.0530
0.0527
0.0530
0.0809
0.0629
0.0732
0.0541
0.0542
0.0544
0.0546
0.0534
0.0532
0.0522
0.0524
0.0527
0.0530
0.0534
0.0514
0.0522
0.0519
0.0539
0.0527
0.0528
0.0529
0.0534
0.0533
0.0526
0.0640
0.0626
0.0621
0.0530
0.0546
0.0533
0.0558
0.0552
0.0551
0.0552
0.0548
0.0549
0.0547
0.0546
0.0546
0.0544
0.0538
0.0547
0.0543
0.0527
0.0530
0.0530
0.0521
0.0532
0.0513
0.0512
0.0541
0.0808
0.0616
0.0614
0.0528
0.0524
0.0522
0.0524
0.0522
0.0519
0.0522
0.0526
0.0526
0.0523
0.0532
0.0524
0.0533
0.0534
0.0520
0.0522
0.0525
0.0591
0.0585
0.0583
0.0509
0.0507
0.0511
0.0513
0.0524
0.0515
0.0740
0.0626
0.0617
0.0517
0.0517
0.0510
0.0514
0.0528
0.0534
0.0512
0.0500
0.0502
