2.56
2.57
2.57
2.56
2.60
2.57
2.40
2.39
2.37
2.38
2.39
2.80
2.44
2.42
2.42
2.35
2.32
2.33
2.50
2.63
2.63
2.56
2.56
2.85
2.63
2.55
2.52
2.55
2.50
2.34
2.36
2.72
2.52
2.64
2.77
2.59
2.56
2.65
2.38
2.50
2.57
2.44
2.53
2.39
2.38
2.38
2.32
2.34
2.55
2.57
2.57
2.60
2.57
2.55
2.53
2.54
2.57
2.57
2.59
2.65
2.65
2.61
2.55
2.75
2.60
2.61
2.60
2.57
2.57
2.57
2.57
2.41
2.54
2.58
2.57
2.60
2.58
2.57
2.57
2.60
2.58
2.57
2.61
2.64
2.61
2.45
2.58
2.63
2.58
2.56
2.57
2.58
2.58
2.57
2.44
2.39
2.41
2.40
2.35
2.43
