2837.43
2.62
2.59
2.60
2.58
2.56
2.59
2.58
2.56
2.58
2.55
2.58
2.64
2.60
2.59
2.63
2.61
2.62
2.62
2.64
2.57
2.60
2.66
2.65
2.56
2.57
2.58
2.57
2.63
2.60
2.57
2.58
2.58
2.60
2.59
2.66
2.60
2.58
2.58
2.59
2.59
2.60
2.56
2.60
2.59
2.65
2.60
2.64
2.61
2.59
2.59
2.59
2.59
2.60
2.59
2.59
2.58
2.58
2.49
2.45
2.40
2.48
2.46
2.46
2.54
2.54
2.60
2.57
2.43
2.58
2.54
2.64
2.57
2.57
2.42
2.39
2.38
2.35
2.41
2.53
2.43
2.40
2.41
2.36
2.40
2.58
2.58
2.59
2.60
2.48
2.48
2.59
2.60
2.59
2.49
2.58
2.59
2.63
2.53
2.61
